{
 "cells": [
  {
   "cell_type": "markdown",
   "metadata": {},
   "source": [
    "## Table of Content\n",
    "\n",
    "1. [Abstract](#section1)<br>\n",
    "2. [Data Set Description](#section2)<br>\n",
    "3. [Exploratory Data Analysis](#section3)<br>\n",
    "4. [Introduction to Linear Regression](#section4)<br>\n",
    "    - 4.1 [Linear Regression Equation with Errors in consideration](#section401)<br>\n",
    "        - 4.1.1 [Assumptions of Linear Regression](#sectionassumptions)<br>\n",
    "    - 4.2 [Preparing X and y using pandas](#section402)<br>\n",
    "    - 4.3 [Splitting X and y into training and test datasets](#section403)<br>\n",
    "    - 4.4 [Linear regression in scikit-learn](#section404)<br>\n",
    "    - 4.5 [Interpreting Model Coefficients](#section405)<br>\n",
    "    - 4.3 [Using the Model for Prediction](#section406)<br>\n",
    "5. [Model evaluation](#section5)<br>\n",
    "    - 5.1 [Model evaluation using metrics](#section501)<br>\n",
    "    - 5.2 [Model Evaluation using Rsquared value.](#section502)<br>\n",
    "6. [Feature Selection](#section6)<br>\n",
    "7. [Handling Categorical Features](#section7)<br>"
   ]
  },
  {
   "cell_type": "code",
   "execution_count": 15,
   "metadata": {
    "collapsed": true
   },
   "outputs": [],
   "source": [
    "import pandas as pd\n",
    "import seaborn as sns\n",
    "import matplotlib.pyplot as plt\n",
    "\n",
    "\n",
    "from sklearn import metrics\n",
    "\n",
    "import numpy as np\n",
    "import seaborn as sns\n",
    "from scipy import stats\n",
    "from scipy.stats import norm\n",
    "\n",
    "# allow plots to appear directly in the notebook\n",
    "%matplotlib inline"
   ]
  },
  {
   "cell_type": "markdown",
   "metadata": {},
   "source": [
    "### 1.  Abstract: \n",
    "\n",
    "Contains the responses of a gas multisensor device deployed on the field in an Italian city. Hourly responses averages are recorded along with gas concentrations references from a certified analyzer.\n",
    "\n"
   ]
  },
  {
   "cell_type": "code",
   "execution_count": 7,
   "metadata": {
    "collapsed": false
   },
   "outputs": [],
   "source": [
    "air_quality_raw=pd.read_excel(\"AirQualityUCI.xlsx\")"
   ]
  },
  {
   "cell_type": "code",
   "execution_count": 8,
   "metadata": {
    "collapsed": false
   },
   "outputs": [
    {
     "data": {
      "text/html": [
       "<div>\n",
       "<style scoped>\n",
       "    .dataframe tbody tr th:only-of-type {\n",
       "        vertical-align: middle;\n",
       "    }\n",
       "\n",
       "    .dataframe tbody tr th {\n",
       "        vertical-align: top;\n",
       "    }\n",
       "\n",
       "    .dataframe thead th {\n",
       "        text-align: right;\n",
       "    }\n",
       "</style>\n",
       "<table border=\"1\" class=\"dataframe\">\n",
       "  <thead>\n",
       "    <tr style=\"text-align: right;\">\n",
       "      <th></th>\n",
       "      <th>Date</th>\n",
       "      <th>Time</th>\n",
       "      <th>CO(GT)</th>\n",
       "      <th>PT08.S1(CO)</th>\n",
       "      <th>NMHC(GT)</th>\n",
       "      <th>C6H6(GT)</th>\n",
       "      <th>PT08.S2(NMHC)</th>\n",
       "      <th>NOx(GT)</th>\n",
       "      <th>PT08.S3(NOx)</th>\n",
       "      <th>NO2(GT)</th>\n",
       "      <th>PT08.S4(NO2)</th>\n",
       "      <th>PT08.S5(O3)</th>\n",
       "      <th>T</th>\n",
       "      <th>RH</th>\n",
       "      <th>AH</th>\n",
       "    </tr>\n",
       "  </thead>\n",
       "  <tbody>\n",
       "    <tr>\n",
       "      <th>0</th>\n",
       "      <td>2004-03-10</td>\n",
       "      <td>18:00:00</td>\n",
       "      <td>2.6</td>\n",
       "      <td>1360.00</td>\n",
       "      <td>150</td>\n",
       "      <td>11.881723</td>\n",
       "      <td>1045.50</td>\n",
       "      <td>166.0</td>\n",
       "      <td>1056.25</td>\n",
       "      <td>113.0</td>\n",
       "      <td>1692.00</td>\n",
       "      <td>1267.50</td>\n",
       "      <td>13.6</td>\n",
       "      <td>48.875001</td>\n",
       "      <td>0.757754</td>\n",
       "    </tr>\n",
       "    <tr>\n",
       "      <th>1</th>\n",
       "      <td>2004-03-10</td>\n",
       "      <td>19:00:00</td>\n",
       "      <td>2.0</td>\n",
       "      <td>1292.25</td>\n",
       "      <td>112</td>\n",
       "      <td>9.397165</td>\n",
       "      <td>954.75</td>\n",
       "      <td>103.0</td>\n",
       "      <td>1173.75</td>\n",
       "      <td>92.0</td>\n",
       "      <td>1558.75</td>\n",
       "      <td>972.25</td>\n",
       "      <td>13.3</td>\n",
       "      <td>47.700000</td>\n",
       "      <td>0.725487</td>\n",
       "    </tr>\n",
       "  </tbody>\n",
       "</table>\n",
       "</div>"
      ],
      "text/plain": [
       "        Date      Time  CO(GT)  PT08.S1(CO)  NMHC(GT)   C6H6(GT)  \\\n",
       "0 2004-03-10  18:00:00     2.6      1360.00       150  11.881723   \n",
       "1 2004-03-10  19:00:00     2.0      1292.25       112   9.397165   \n",
       "\n",
       "   PT08.S2(NMHC)  NOx(GT)  PT08.S3(NOx)  NO2(GT)  PT08.S4(NO2)  PT08.S5(O3)  \\\n",
       "0        1045.50    166.0       1056.25    113.0       1692.00      1267.50   \n",
       "1         954.75    103.0       1173.75     92.0       1558.75       972.25   \n",
       "\n",
       "      T         RH        AH  \n",
       "0  13.6  48.875001  0.757754  \n",
       "1  13.3  47.700000  0.725487  "
      ]
     },
     "execution_count": 8,
     "metadata": {},
     "output_type": "execute_result"
    }
   ],
   "source": [
    "air_quality_raw.head(2)"
   ]
  },
  {
   "cell_type": "code",
   "execution_count": 10,
   "metadata": {
    "collapsed": false
   },
   "outputs": [
    {
     "data": {
      "text/plain": [
       "Index([u'Date', u'Time', u'CO(GT)', u'PT08.S1(CO)', u'NMHC(GT)', u'C6H6(GT)',\n",
       "       u'PT08.S2(NMHC)', u'NOx(GT)', u'PT08.S3(NOx)', u'NO2(GT)',\n",
       "       u'PT08.S4(NO2)', u'PT08.S5(O3)', u'T', u'RH', u'AH'],\n",
       "      dtype='object')"
      ]
     },
     "execution_count": 10,
     "metadata": {},
     "output_type": "execute_result"
    }
   ],
   "source": [
    "air_quality_raw.columns"
   ]
  },
  {
   "cell_type": "markdown",
   "metadata": {},
   "source": [
    "### 2.  Data Set Information:\n",
    "\n",
    "The dataset contains 9358 instances of hourly averaged responses from an array of 5 metal oxide chemical sensors embedded in an Air Quality Chemical Multisensor Device. \n",
    "\n",
    "The device was located on the field in a significantly polluted area, at road level,within an Italian city. Data were recorded from March 2004 to February 2005 (one year)representing the longest freely available recordings of on field deployed air quality chemical sensor devices responses. \n",
    "\n",
    "Ground Truth hourly averaged concentrations for CO, Non Metanic Hydrocarbons, Benzene, Total Nitrogen Oxides (NOx) and Nitrogen Dioxide (NO2) and were provided by a co-located reference certified analyzer."
   ]
  },
  {
   "cell_type": "code",
   "execution_count": 11,
   "metadata": {
    "collapsed": false
   },
   "outputs": [
    {
     "name": "stdout",
     "output_type": "stream",
     "text": [
      "<class 'pandas.core.frame.DataFrame'>\n",
      "RangeIndex: 9357 entries, 0 to 9356\n",
      "Data columns (total 15 columns):\n",
      "Date             9357 non-null datetime64[ns]\n",
      "Time             9357 non-null object\n",
      "CO(GT)           9357 non-null float64\n",
      "PT08.S1(CO)      9357 non-null float64\n",
      "NMHC(GT)         9357 non-null int64\n",
      "C6H6(GT)         9357 non-null float64\n",
      "PT08.S2(NMHC)    9357 non-null float64\n",
      "NOx(GT)          9357 non-null float64\n",
      "PT08.S3(NOx)     9357 non-null float64\n",
      "NO2(GT)          9357 non-null float64\n",
      "PT08.S4(NO2)     9357 non-null float64\n",
      "PT08.S5(O3)      9357 non-null float64\n",
      "T                9357 non-null float64\n",
      "RH               9357 non-null float64\n",
      "AH               9357 non-null float64\n",
      "dtypes: datetime64[ns](1), float64(12), int64(1), object(1)\n",
      "memory usage: 1.1+ MB\n"
     ]
    }
   ],
   "source": [
    "air_quality_raw.info()"
   ]
  },
  {
   "cell_type": "code",
   "execution_count": 39,
   "metadata": {
    "collapsed": false
   },
   "outputs": [
    {
     "data": {
      "text/html": [
       "<div>\n",
       "<style scoped>\n",
       "    .dataframe tbody tr th:only-of-type {\n",
       "        vertical-align: middle;\n",
       "    }\n",
       "\n",
       "    .dataframe tbody tr th {\n",
       "        vertical-align: top;\n",
       "    }\n",
       "\n",
       "    .dataframe thead th {\n",
       "        text-align: right;\n",
       "    }\n",
       "</style>\n",
       "<table border=\"1\" class=\"dataframe\">\n",
       "  <thead>\n",
       "    <tr style=\"text-align: right;\">\n",
       "      <th></th>\n",
       "      <th>CO(GT)</th>\n",
       "      <th>PT08.S1(CO)</th>\n",
       "      <th>NMHC(GT)</th>\n",
       "      <th>C6H6(GT)</th>\n",
       "      <th>PT08.S2(NMHC)</th>\n",
       "      <th>NOx(GT)</th>\n",
       "      <th>PT08.S3(NOx)</th>\n",
       "      <th>NO2(GT)</th>\n",
       "      <th>PT08.S4(NO2)</th>\n",
       "      <th>PT08.S5(O3)</th>\n",
       "      <th>T</th>\n",
       "      <th>RH</th>\n",
       "      <th>AH</th>\n",
       "    </tr>\n",
       "  </thead>\n",
       "  <tbody>\n",
       "    <tr>\n",
       "      <th>count</th>\n",
       "      <td>9357.000000</td>\n",
       "      <td>9357.000000</td>\n",
       "      <td>9357.000000</td>\n",
       "      <td>9357.000000</td>\n",
       "      <td>9357.000000</td>\n",
       "      <td>9357.000000</td>\n",
       "      <td>9357.000000</td>\n",
       "      <td>9357.000000</td>\n",
       "      <td>9357.000000</td>\n",
       "      <td>9357.000000</td>\n",
       "      <td>9357.000000</td>\n",
       "      <td>9357.000000</td>\n",
       "      <td>9357.000000</td>\n",
       "    </tr>\n",
       "    <tr>\n",
       "      <th>mean</th>\n",
       "      <td>-34.207524</td>\n",
       "      <td>1048.869652</td>\n",
       "      <td>-159.090093</td>\n",
       "      <td>1.865576</td>\n",
       "      <td>894.475963</td>\n",
       "      <td>168.604200</td>\n",
       "      <td>794.872333</td>\n",
       "      <td>58.135898</td>\n",
       "      <td>1391.363266</td>\n",
       "      <td>974.951534</td>\n",
       "      <td>9.776600</td>\n",
       "      <td>39.483611</td>\n",
       "      <td>-6.837604</td>\n",
       "    </tr>\n",
       "    <tr>\n",
       "      <th>std</th>\n",
       "      <td>77.657170</td>\n",
       "      <td>329.817015</td>\n",
       "      <td>139.789093</td>\n",
       "      <td>41.380154</td>\n",
       "      <td>342.315902</td>\n",
       "      <td>257.424561</td>\n",
       "      <td>321.977031</td>\n",
       "      <td>126.931428</td>\n",
       "      <td>467.192382</td>\n",
       "      <td>456.922728</td>\n",
       "      <td>43.203438</td>\n",
       "      <td>51.215645</td>\n",
       "      <td>38.976670</td>\n",
       "    </tr>\n",
       "    <tr>\n",
       "      <th>min</th>\n",
       "      <td>-200.000000</td>\n",
       "      <td>-200.000000</td>\n",
       "      <td>-200.000000</td>\n",
       "      <td>-200.000000</td>\n",
       "      <td>-200.000000</td>\n",
       "      <td>-200.000000</td>\n",
       "      <td>-200.000000</td>\n",
       "      <td>-200.000000</td>\n",
       "      <td>-200.000000</td>\n",
       "      <td>-200.000000</td>\n",
       "      <td>-200.000000</td>\n",
       "      <td>-200.000000</td>\n",
       "      <td>-200.000000</td>\n",
       "    </tr>\n",
       "    <tr>\n",
       "      <th>25%</th>\n",
       "      <td>0.600000</td>\n",
       "      <td>921.000000</td>\n",
       "      <td>-200.000000</td>\n",
       "      <td>4.004958</td>\n",
       "      <td>711.000000</td>\n",
       "      <td>50.000000</td>\n",
       "      <td>637.000000</td>\n",
       "      <td>53.000000</td>\n",
       "      <td>1184.750000</td>\n",
       "      <td>699.750000</td>\n",
       "      <td>10.950000</td>\n",
       "      <td>34.050000</td>\n",
       "      <td>0.692275</td>\n",
       "    </tr>\n",
       "    <tr>\n",
       "      <th>50%</th>\n",
       "      <td>1.500000</td>\n",
       "      <td>1052.500000</td>\n",
       "      <td>-200.000000</td>\n",
       "      <td>7.886653</td>\n",
       "      <td>894.500000</td>\n",
       "      <td>141.000000</td>\n",
       "      <td>794.250000</td>\n",
       "      <td>96.000000</td>\n",
       "      <td>1445.500000</td>\n",
       "      <td>942.000000</td>\n",
       "      <td>17.200000</td>\n",
       "      <td>48.550000</td>\n",
       "      <td>0.976823</td>\n",
       "    </tr>\n",
       "    <tr>\n",
       "      <th>75%</th>\n",
       "      <td>2.600000</td>\n",
       "      <td>1221.250000</td>\n",
       "      <td>-200.000000</td>\n",
       "      <td>13.636091</td>\n",
       "      <td>1104.750000</td>\n",
       "      <td>284.200000</td>\n",
       "      <td>960.250000</td>\n",
       "      <td>133.000000</td>\n",
       "      <td>1662.000000</td>\n",
       "      <td>1255.250000</td>\n",
       "      <td>24.075000</td>\n",
       "      <td>61.875000</td>\n",
       "      <td>1.296223</td>\n",
       "    </tr>\n",
       "    <tr>\n",
       "      <th>max</th>\n",
       "      <td>11.900000</td>\n",
       "      <td>2039.750000</td>\n",
       "      <td>1189.000000</td>\n",
       "      <td>63.741476</td>\n",
       "      <td>2214.000000</td>\n",
       "      <td>1479.000000</td>\n",
       "      <td>2682.750000</td>\n",
       "      <td>339.700000</td>\n",
       "      <td>2775.000000</td>\n",
       "      <td>2522.750000</td>\n",
       "      <td>44.600000</td>\n",
       "      <td>88.725000</td>\n",
       "      <td>2.231036</td>\n",
       "    </tr>\n",
       "  </tbody>\n",
       "</table>\n",
       "</div>"
      ],
      "text/plain": [
       "            CO(GT)  PT08.S1(CO)     NMHC(GT)     C6H6(GT)  PT08.S2(NMHC)  \\\n",
       "count  9357.000000  9357.000000  9357.000000  9357.000000    9357.000000   \n",
       "mean    -34.207524  1048.869652  -159.090093     1.865576     894.475963   \n",
       "std      77.657170   329.817015   139.789093    41.380154     342.315902   \n",
       "min    -200.000000  -200.000000  -200.000000  -200.000000    -200.000000   \n",
       "25%       0.600000   921.000000  -200.000000     4.004958     711.000000   \n",
       "50%       1.500000  1052.500000  -200.000000     7.886653     894.500000   \n",
       "75%       2.600000  1221.250000  -200.000000    13.636091    1104.750000   \n",
       "max      11.900000  2039.750000  1189.000000    63.741476    2214.000000   \n",
       "\n",
       "           NOx(GT)  PT08.S3(NOx)      NO2(GT)  PT08.S4(NO2)  PT08.S5(O3)  \\\n",
       "count  9357.000000   9357.000000  9357.000000   9357.000000  9357.000000   \n",
       "mean    168.604200    794.872333    58.135898   1391.363266   974.951534   \n",
       "std     257.424561    321.977031   126.931428    467.192382   456.922728   \n",
       "min    -200.000000   -200.000000  -200.000000   -200.000000  -200.000000   \n",
       "25%      50.000000    637.000000    53.000000   1184.750000   699.750000   \n",
       "50%     141.000000    794.250000    96.000000   1445.500000   942.000000   \n",
       "75%     284.200000    960.250000   133.000000   1662.000000  1255.250000   \n",
       "max    1479.000000   2682.750000   339.700000   2775.000000  2522.750000   \n",
       "\n",
       "                 T           RH           AH  \n",
       "count  9357.000000  9357.000000  9357.000000  \n",
       "mean      9.776600    39.483611    -6.837604  \n",
       "std      43.203438    51.215645    38.976670  \n",
       "min    -200.000000  -200.000000  -200.000000  \n",
       "25%      10.950000    34.050000     0.692275  \n",
       "50%      17.200000    48.550000     0.976823  \n",
       "75%      24.075000    61.875000     1.296223  \n",
       "max      44.600000    88.725000     2.231036  "
      ]
     },
     "execution_count": 39,
     "metadata": {},
     "output_type": "execute_result"
    }
   ],
   "source": [
    "air_quality_raw.describe()"
   ]
  },
  {
   "cell_type": "code",
   "execution_count": 13,
   "metadata": {
    "collapsed": false
   },
   "outputs": [
    {
     "data": {
      "text/plain": [
       "Index([], dtype='object')"
      ]
     },
     "execution_count": 13,
     "metadata": {},
     "output_type": "execute_result"
    }
   ],
   "source": [
    "#check missing values\n",
    "air_quality_raw.columns[air_quality_raw.isnull().any()]"
   ]
  },
  {
   "cell_type": "code",
   "execution_count": 14,
   "metadata": {
    "collapsed": false
   },
   "outputs": [
    {
     "data": {
      "text/plain": [
       "Date             9357\n",
       "Time             9357\n",
       "CO(GT)           9357\n",
       "PT08.S1(CO)      9357\n",
       "NMHC(GT)         9357\n",
       "C6H6(GT)         9357\n",
       "PT08.S2(NMHC)    9357\n",
       "NOx(GT)          9357\n",
       "PT08.S3(NOx)     9357\n",
       "NO2(GT)          9357\n",
       "PT08.S4(NO2)     9357\n",
       "PT08.S5(O3)      9357\n",
       "T                9357\n",
       "RH               9357\n",
       "AH               9357\n",
       "dtype: int64"
      ]
     },
     "execution_count": 14,
     "metadata": {},
     "output_type": "execute_result"
    }
   ],
   "source": [
    "air_quality_raw.count()"
   ]
  },
  {
   "cell_type": "code",
   "execution_count": 21,
   "metadata": {
    "collapsed": false
   },
   "outputs": [
    {
     "data": {
      "text/html": [
       "<div>\n",
       "<style scoped>\n",
       "    .dataframe tbody tr th:only-of-type {\n",
       "        vertical-align: middle;\n",
       "    }\n",
       "\n",
       "    .dataframe tbody tr th {\n",
       "        vertical-align: top;\n",
       "    }\n",
       "\n",
       "    .dataframe thead th {\n",
       "        text-align: right;\n",
       "    }\n",
       "</style>\n",
       "<table border=\"1\" class=\"dataframe\">\n",
       "  <thead>\n",
       "    <tr style=\"text-align: right;\">\n",
       "      <th></th>\n",
       "      <th>CO(GT)</th>\n",
       "      <th>PT08.S1(CO)</th>\n",
       "      <th>NMHC(GT)</th>\n",
       "      <th>C6H6(GT)</th>\n",
       "      <th>PT08.S2(NMHC)</th>\n",
       "      <th>NOx(GT)</th>\n",
       "      <th>PT08.S3(NOx)</th>\n",
       "      <th>NO2(GT)</th>\n",
       "      <th>PT08.S4(NO2)</th>\n",
       "      <th>PT08.S5(O3)</th>\n",
       "      <th>T</th>\n",
       "      <th>RH</th>\n",
       "      <th>AH</th>\n",
       "    </tr>\n",
       "  </thead>\n",
       "  <tbody>\n",
       "    <tr>\n",
       "      <th>CO(GT)</th>\n",
       "      <td>1.000000</td>\n",
       "      <td>0.041415</td>\n",
       "      <td>0.128351</td>\n",
       "      <td>-0.031377</td>\n",
       "      <td>0.029939</td>\n",
       "      <td>0.526450</td>\n",
       "      <td>-0.089981</td>\n",
       "      <td>0.671140</td>\n",
       "      <td>-0.073721</td>\n",
       "      <td>0.080316</td>\n",
       "      <td>-0.068952</td>\n",
       "      <td>-0.048231</td>\n",
       "      <td>-0.045892</td>\n",
       "    </tr>\n",
       "    <tr>\n",
       "      <th>PT08.S1(CO)</th>\n",
       "      <td>0.041415</td>\n",
       "      <td>1.000000</td>\n",
       "      <td>0.170009</td>\n",
       "      <td>0.852659</td>\n",
       "      <td>0.933101</td>\n",
       "      <td>0.278029</td>\n",
       "      <td>0.086931</td>\n",
       "      <td>0.154058</td>\n",
       "      <td>0.845133</td>\n",
       "      <td>0.892436</td>\n",
       "      <td>0.754806</td>\n",
       "      <td>0.745344</td>\n",
       "      <td>0.764866</td>\n",
       "    </tr>\n",
       "    <tr>\n",
       "      <th>NMHC(GT)</th>\n",
       "      <td>0.128351</td>\n",
       "      <td>0.170009</td>\n",
       "      <td>1.000000</td>\n",
       "      <td>0.037329</td>\n",
       "      <td>0.110097</td>\n",
       "      <td>-0.004413</td>\n",
       "      <td>0.048832</td>\n",
       "      <td>0.103345</td>\n",
       "      <td>0.162689</td>\n",
       "      <td>0.101189</td>\n",
       "      <td>-0.000008</td>\n",
       "      <td>0.008288</td>\n",
       "      <td>0.012500</td>\n",
       "    </tr>\n",
       "    <tr>\n",
       "      <th>C6H6(GT)</th>\n",
       "      <td>-0.031377</td>\n",
       "      <td>0.852659</td>\n",
       "      <td>0.037329</td>\n",
       "      <td>1.000000</td>\n",
       "      <td>0.767401</td>\n",
       "      <td>-0.001163</td>\n",
       "      <td>0.512154</td>\n",
       "      <td>-0.010971</td>\n",
       "      <td>0.774649</td>\n",
       "      <td>0.641306</td>\n",
       "      <td>0.971370</td>\n",
       "      <td>0.925068</td>\n",
       "      <td>0.984556</td>\n",
       "    </tr>\n",
       "    <tr>\n",
       "      <th>PT08.S2(NMHC)</th>\n",
       "      <td>0.029939</td>\n",
       "      <td>0.933101</td>\n",
       "      <td>0.110097</td>\n",
       "      <td>0.767401</td>\n",
       "      <td>1.000000</td>\n",
       "      <td>0.331331</td>\n",
       "      <td>-0.073748</td>\n",
       "      <td>0.176569</td>\n",
       "      <td>0.874761</td>\n",
       "      <td>0.909909</td>\n",
       "      <td>0.668984</td>\n",
       "      <td>0.585775</td>\n",
       "      <td>0.646535</td>\n",
       "    </tr>\n",
       "    <tr>\n",
       "      <th>NOx(GT)</th>\n",
       "      <td>0.526450</td>\n",
       "      <td>0.278029</td>\n",
       "      <td>-0.004413</td>\n",
       "      <td>-0.001163</td>\n",
       "      <td>0.331331</td>\n",
       "      <td>1.000000</td>\n",
       "      <td>-0.436083</td>\n",
       "      <td>0.817138</td>\n",
       "      <td>0.035580</td>\n",
       "      <td>0.461916</td>\n",
       "      <td>-0.138457</td>\n",
       "      <td>-0.053008</td>\n",
       "      <td>-0.095841</td>\n",
       "    </tr>\n",
       "    <tr>\n",
       "      <th>PT08.S3(NOx)</th>\n",
       "      <td>-0.089981</td>\n",
       "      <td>0.086931</td>\n",
       "      <td>0.048832</td>\n",
       "      <td>0.512154</td>\n",
       "      <td>-0.073748</td>\n",
       "      <td>-0.436083</td>\n",
       "      <td>1.000000</td>\n",
       "      <td>-0.256217</td>\n",
       "      <td>0.122672</td>\n",
       "      <td>-0.208935</td>\n",
       "      <td>0.588061</td>\n",
       "      <td>0.573513</td>\n",
       "      <td>0.621576</td>\n",
       "    </tr>\n",
       "    <tr>\n",
       "      <th>NO2(GT)</th>\n",
       "      <td>0.671140</td>\n",
       "      <td>0.154058</td>\n",
       "      <td>0.103345</td>\n",
       "      <td>-0.010971</td>\n",
       "      <td>0.176569</td>\n",
       "      <td>0.817138</td>\n",
       "      <td>-0.256217</td>\n",
       "      <td>1.000000</td>\n",
       "      <td>-0.022092</td>\n",
       "      <td>0.253469</td>\n",
       "      <td>-0.084084</td>\n",
       "      <td>-0.081300</td>\n",
       "      <td>-0.060423</td>\n",
       "    </tr>\n",
       "    <tr>\n",
       "      <th>PT08.S4(NO2)</th>\n",
       "      <td>-0.073721</td>\n",
       "      <td>0.845133</td>\n",
       "      <td>0.162689</td>\n",
       "      <td>0.774649</td>\n",
       "      <td>0.874761</td>\n",
       "      <td>0.035580</td>\n",
       "      <td>0.122672</td>\n",
       "      <td>-0.022092</td>\n",
       "      <td>1.000000</td>\n",
       "      <td>0.723670</td>\n",
       "      <td>0.755053</td>\n",
       "      <td>0.640685</td>\n",
       "      <td>0.691889</td>\n",
       "    </tr>\n",
       "    <tr>\n",
       "      <th>PT08.S5(O3)</th>\n",
       "      <td>0.080316</td>\n",
       "      <td>0.892436</td>\n",
       "      <td>0.101189</td>\n",
       "      <td>0.641306</td>\n",
       "      <td>0.909909</td>\n",
       "      <td>0.461916</td>\n",
       "      <td>-0.208935</td>\n",
       "      <td>0.253469</td>\n",
       "      <td>0.723670</td>\n",
       "      <td>1.000000</td>\n",
       "      <td>0.503659</td>\n",
       "      <td>0.524922</td>\n",
       "      <td>0.519432</td>\n",
       "    </tr>\n",
       "    <tr>\n",
       "      <th>T</th>\n",
       "      <td>-0.068952</td>\n",
       "      <td>0.754806</td>\n",
       "      <td>-0.000008</td>\n",
       "      <td>0.971370</td>\n",
       "      <td>0.668984</td>\n",
       "      <td>-0.138457</td>\n",
       "      <td>0.588061</td>\n",
       "      <td>-0.084084</td>\n",
       "      <td>0.755053</td>\n",
       "      <td>0.503659</td>\n",
       "      <td>1.000000</td>\n",
       "      <td>0.885910</td>\n",
       "      <td>0.980998</td>\n",
       "    </tr>\n",
       "    <tr>\n",
       "      <th>RH</th>\n",
       "      <td>-0.048231</td>\n",
       "      <td>0.745344</td>\n",
       "      <td>0.008288</td>\n",
       "      <td>0.925068</td>\n",
       "      <td>0.585775</td>\n",
       "      <td>-0.053008</td>\n",
       "      <td>0.573513</td>\n",
       "      <td>-0.081300</td>\n",
       "      <td>0.640685</td>\n",
       "      <td>0.524922</td>\n",
       "      <td>0.885910</td>\n",
       "      <td>1.000000</td>\n",
       "      <td>0.943997</td>\n",
       "    </tr>\n",
       "    <tr>\n",
       "      <th>AH</th>\n",
       "      <td>-0.045892</td>\n",
       "      <td>0.764866</td>\n",
       "      <td>0.012500</td>\n",
       "      <td>0.984556</td>\n",
       "      <td>0.646535</td>\n",
       "      <td>-0.095841</td>\n",
       "      <td>0.621576</td>\n",
       "      <td>-0.060423</td>\n",
       "      <td>0.691889</td>\n",
       "      <td>0.519432</td>\n",
       "      <td>0.980998</td>\n",
       "      <td>0.943997</td>\n",
       "      <td>1.000000</td>\n",
       "    </tr>\n",
       "  </tbody>\n",
       "</table>\n",
       "</div>"
      ],
      "text/plain": [
       "                 CO(GT)  PT08.S1(CO)  NMHC(GT)  C6H6(GT)  PT08.S2(NMHC)  \\\n",
       "CO(GT)         1.000000     0.041415  0.128351 -0.031377       0.029939   \n",
       "PT08.S1(CO)    0.041415     1.000000  0.170009  0.852659       0.933101   \n",
       "NMHC(GT)       0.128351     0.170009  1.000000  0.037329       0.110097   \n",
       "C6H6(GT)      -0.031377     0.852659  0.037329  1.000000       0.767401   \n",
       "PT08.S2(NMHC)  0.029939     0.933101  0.110097  0.767401       1.000000   \n",
       "NOx(GT)        0.526450     0.278029 -0.004413 -0.001163       0.331331   \n",
       "PT08.S3(NOx)  -0.089981     0.086931  0.048832  0.512154      -0.073748   \n",
       "NO2(GT)        0.671140     0.154058  0.103345 -0.010971       0.176569   \n",
       "PT08.S4(NO2)  -0.073721     0.845133  0.162689  0.774649       0.874761   \n",
       "PT08.S5(O3)    0.080316     0.892436  0.101189  0.641306       0.909909   \n",
       "T             -0.068952     0.754806 -0.000008  0.971370       0.668984   \n",
       "RH            -0.048231     0.745344  0.008288  0.925068       0.585775   \n",
       "AH            -0.045892     0.764866  0.012500  0.984556       0.646535   \n",
       "\n",
       "                NOx(GT)  PT08.S3(NOx)   NO2(GT)  PT08.S4(NO2)  PT08.S5(O3)  \\\n",
       "CO(GT)         0.526450     -0.089981  0.671140     -0.073721     0.080316   \n",
       "PT08.S1(CO)    0.278029      0.086931  0.154058      0.845133     0.892436   \n",
       "NMHC(GT)      -0.004413      0.048832  0.103345      0.162689     0.101189   \n",
       "C6H6(GT)      -0.001163      0.512154 -0.010971      0.774649     0.641306   \n",
       "PT08.S2(NMHC)  0.331331     -0.073748  0.176569      0.874761     0.909909   \n",
       "NOx(GT)        1.000000     -0.436083  0.817138      0.035580     0.461916   \n",
       "PT08.S3(NOx)  -0.436083      1.000000 -0.256217      0.122672    -0.208935   \n",
       "NO2(GT)        0.817138     -0.256217  1.000000     -0.022092     0.253469   \n",
       "PT08.S4(NO2)   0.035580      0.122672 -0.022092      1.000000     0.723670   \n",
       "PT08.S5(O3)    0.461916     -0.208935  0.253469      0.723670     1.000000   \n",
       "T             -0.138457      0.588061 -0.084084      0.755053     0.503659   \n",
       "RH            -0.053008      0.573513 -0.081300      0.640685     0.524922   \n",
       "AH            -0.095841      0.621576 -0.060423      0.691889     0.519432   \n",
       "\n",
       "                      T        RH        AH  \n",
       "CO(GT)        -0.068952 -0.048231 -0.045892  \n",
       "PT08.S1(CO)    0.754806  0.745344  0.764866  \n",
       "NMHC(GT)      -0.000008  0.008288  0.012500  \n",
       "C6H6(GT)       0.971370  0.925068  0.984556  \n",
       "PT08.S2(NMHC)  0.668984  0.585775  0.646535  \n",
       "NOx(GT)       -0.138457 -0.053008 -0.095841  \n",
       "PT08.S3(NOx)   0.588061  0.573513  0.621576  \n",
       "NO2(GT)       -0.084084 -0.081300 -0.060423  \n",
       "PT08.S4(NO2)   0.755053  0.640685  0.691889  \n",
       "PT08.S5(O3)    0.503659  0.524922  0.519432  \n",
       "T              1.000000  0.885910  0.980998  \n",
       "RH             0.885910  1.000000  0.943997  \n",
       "AH             0.980998  0.943997  1.000000  "
      ]
     },
     "execution_count": 21,
     "metadata": {},
     "output_type": "execute_result"
    }
   ],
   "source": [
    "air_quality_raw.corr()"
   ]
  },
  {
   "cell_type": "code",
   "execution_count": 25,
   "metadata": {
    "collapsed": false
   },
   "outputs": [
    {
     "data": {
      "text/html": [
       "<div>\n",
       "<style scoped>\n",
       "    .dataframe tbody tr th:only-of-type {\n",
       "        vertical-align: middle;\n",
       "    }\n",
       "\n",
       "    .dataframe tbody tr th {\n",
       "        vertical-align: top;\n",
       "    }\n",
       "\n",
       "    .dataframe thead th {\n",
       "        text-align: right;\n",
       "    }\n",
       "</style>\n",
       "<table border=\"1\" class=\"dataframe\">\n",
       "  <thead>\n",
       "    <tr style=\"text-align: right;\">\n",
       "      <th></th>\n",
       "      <th>CO(GT)</th>\n",
       "      <th>PT08.S1(CO)</th>\n",
       "      <th>NMHC(GT)</th>\n",
       "      <th>C6H6(GT)</th>\n",
       "      <th>PT08.S2(NMHC)</th>\n",
       "      <th>NOx(GT)</th>\n",
       "      <th>PT08.S3(NOx)</th>\n",
       "      <th>NO2(GT)</th>\n",
       "      <th>PT08.S4(NO2)</th>\n",
       "      <th>PT08.S5(O3)</th>\n",
       "      <th>T</th>\n",
       "      <th>RH</th>\n",
       "      <th>AH</th>\n",
       "    </tr>\n",
       "  </thead>\n",
       "  <tbody>\n",
       "    <tr>\n",
       "      <th>CO(GT)</th>\n",
       "      <td>1.000000</td>\n",
       "      <td>0.041415</td>\n",
       "      <td>0.128351</td>\n",
       "      <td>-0.031377</td>\n",
       "      <td>0.029939</td>\n",
       "      <td>0.526450</td>\n",
       "      <td>-0.089981</td>\n",
       "      <td>0.671140</td>\n",
       "      <td>-0.073721</td>\n",
       "      <td>0.080316</td>\n",
       "      <td>-0.068952</td>\n",
       "      <td>-0.048231</td>\n",
       "      <td>-0.045892</td>\n",
       "    </tr>\n",
       "    <tr>\n",
       "      <th>PT08.S1(CO)</th>\n",
       "      <td>0.041415</td>\n",
       "      <td>1.000000</td>\n",
       "      <td>0.170009</td>\n",
       "      <td>0.852659</td>\n",
       "      <td>0.933101</td>\n",
       "      <td>0.278029</td>\n",
       "      <td>0.086931</td>\n",
       "      <td>0.154058</td>\n",
       "      <td>0.845133</td>\n",
       "      <td>0.892436</td>\n",
       "      <td>0.754806</td>\n",
       "      <td>0.745344</td>\n",
       "      <td>0.764866</td>\n",
       "    </tr>\n",
       "    <tr>\n",
       "      <th>NMHC(GT)</th>\n",
       "      <td>0.128351</td>\n",
       "      <td>0.170009</td>\n",
       "      <td>1.000000</td>\n",
       "      <td>0.037329</td>\n",
       "      <td>0.110097</td>\n",
       "      <td>-0.004413</td>\n",
       "      <td>0.048832</td>\n",
       "      <td>0.103345</td>\n",
       "      <td>0.162689</td>\n",
       "      <td>0.101189</td>\n",
       "      <td>-0.000008</td>\n",
       "      <td>0.008288</td>\n",
       "      <td>0.012500</td>\n",
       "    </tr>\n",
       "    <tr>\n",
       "      <th>C6H6(GT)</th>\n",
       "      <td>-0.031377</td>\n",
       "      <td>0.852659</td>\n",
       "      <td>0.037329</td>\n",
       "      <td>1.000000</td>\n",
       "      <td>0.767401</td>\n",
       "      <td>-0.001163</td>\n",
       "      <td>0.512154</td>\n",
       "      <td>-0.010971</td>\n",
       "      <td>0.774649</td>\n",
       "      <td>0.641306</td>\n",
       "      <td>0.971370</td>\n",
       "      <td>0.925068</td>\n",
       "      <td>0.984556</td>\n",
       "    </tr>\n",
       "    <tr>\n",
       "      <th>PT08.S2(NMHC)</th>\n",
       "      <td>0.029939</td>\n",
       "      <td>0.933101</td>\n",
       "      <td>0.110097</td>\n",
       "      <td>0.767401</td>\n",
       "      <td>1.000000</td>\n",
       "      <td>0.331331</td>\n",
       "      <td>-0.073748</td>\n",
       "      <td>0.176569</td>\n",
       "      <td>0.874761</td>\n",
       "      <td>0.909909</td>\n",
       "      <td>0.668984</td>\n",
       "      <td>0.585775</td>\n",
       "      <td>0.646535</td>\n",
       "    </tr>\n",
       "    <tr>\n",
       "      <th>NOx(GT)</th>\n",
       "      <td>0.526450</td>\n",
       "      <td>0.278029</td>\n",
       "      <td>-0.004413</td>\n",
       "      <td>-0.001163</td>\n",
       "      <td>0.331331</td>\n",
       "      <td>1.000000</td>\n",
       "      <td>-0.436083</td>\n",
       "      <td>0.817138</td>\n",
       "      <td>0.035580</td>\n",
       "      <td>0.461916</td>\n",
       "      <td>-0.138457</td>\n",
       "      <td>-0.053008</td>\n",
       "      <td>-0.095841</td>\n",
       "    </tr>\n",
       "    <tr>\n",
       "      <th>PT08.S3(NOx)</th>\n",
       "      <td>-0.089981</td>\n",
       "      <td>0.086931</td>\n",
       "      <td>0.048832</td>\n",
       "      <td>0.512154</td>\n",
       "      <td>-0.073748</td>\n",
       "      <td>-0.436083</td>\n",
       "      <td>1.000000</td>\n",
       "      <td>-0.256217</td>\n",
       "      <td>0.122672</td>\n",
       "      <td>-0.208935</td>\n",
       "      <td>0.588061</td>\n",
       "      <td>0.573513</td>\n",
       "      <td>0.621576</td>\n",
       "    </tr>\n",
       "    <tr>\n",
       "      <th>NO2(GT)</th>\n",
       "      <td>0.671140</td>\n",
       "      <td>0.154058</td>\n",
       "      <td>0.103345</td>\n",
       "      <td>-0.010971</td>\n",
       "      <td>0.176569</td>\n",
       "      <td>0.817138</td>\n",
       "      <td>-0.256217</td>\n",
       "      <td>1.000000</td>\n",
       "      <td>-0.022092</td>\n",
       "      <td>0.253469</td>\n",
       "      <td>-0.084084</td>\n",
       "      <td>-0.081300</td>\n",
       "      <td>-0.060423</td>\n",
       "    </tr>\n",
       "    <tr>\n",
       "      <th>PT08.S4(NO2)</th>\n",
       "      <td>-0.073721</td>\n",
       "      <td>0.845133</td>\n",
       "      <td>0.162689</td>\n",
       "      <td>0.774649</td>\n",
       "      <td>0.874761</td>\n",
       "      <td>0.035580</td>\n",
       "      <td>0.122672</td>\n",
       "      <td>-0.022092</td>\n",
       "      <td>1.000000</td>\n",
       "      <td>0.723670</td>\n",
       "      <td>0.755053</td>\n",
       "      <td>0.640685</td>\n",
       "      <td>0.691889</td>\n",
       "    </tr>\n",
       "    <tr>\n",
       "      <th>PT08.S5(O3)</th>\n",
       "      <td>0.080316</td>\n",
       "      <td>0.892436</td>\n",
       "      <td>0.101189</td>\n",
       "      <td>0.641306</td>\n",
       "      <td>0.909909</td>\n",
       "      <td>0.461916</td>\n",
       "      <td>-0.208935</td>\n",
       "      <td>0.253469</td>\n",
       "      <td>0.723670</td>\n",
       "      <td>1.000000</td>\n",
       "      <td>0.503659</td>\n",
       "      <td>0.524922</td>\n",
       "      <td>0.519432</td>\n",
       "    </tr>\n",
       "    <tr>\n",
       "      <th>T</th>\n",
       "      <td>-0.068952</td>\n",
       "      <td>0.754806</td>\n",
       "      <td>-0.000008</td>\n",
       "      <td>0.971370</td>\n",
       "      <td>0.668984</td>\n",
       "      <td>-0.138457</td>\n",
       "      <td>0.588061</td>\n",
       "      <td>-0.084084</td>\n",
       "      <td>0.755053</td>\n",
       "      <td>0.503659</td>\n",
       "      <td>1.000000</td>\n",
       "      <td>0.885910</td>\n",
       "      <td>0.980998</td>\n",
       "    </tr>\n",
       "    <tr>\n",
       "      <th>RH</th>\n",
       "      <td>-0.048231</td>\n",
       "      <td>0.745344</td>\n",
       "      <td>0.008288</td>\n",
       "      <td>0.925068</td>\n",
       "      <td>0.585775</td>\n",
       "      <td>-0.053008</td>\n",
       "      <td>0.573513</td>\n",
       "      <td>-0.081300</td>\n",
       "      <td>0.640685</td>\n",
       "      <td>0.524922</td>\n",
       "      <td>0.885910</td>\n",
       "      <td>1.000000</td>\n",
       "      <td>0.943997</td>\n",
       "    </tr>\n",
       "    <tr>\n",
       "      <th>AH</th>\n",
       "      <td>-0.045892</td>\n",
       "      <td>0.764866</td>\n",
       "      <td>0.012500</td>\n",
       "      <td>0.984556</td>\n",
       "      <td>0.646535</td>\n",
       "      <td>-0.095841</td>\n",
       "      <td>0.621576</td>\n",
       "      <td>-0.060423</td>\n",
       "      <td>0.691889</td>\n",
       "      <td>0.519432</td>\n",
       "      <td>0.980998</td>\n",
       "      <td>0.943997</td>\n",
       "      <td>1.000000</td>\n",
       "    </tr>\n",
       "  </tbody>\n",
       "</table>\n",
       "</div>"
      ],
      "text/plain": [
       "                 CO(GT)  PT08.S1(CO)  NMHC(GT)  C6H6(GT)  PT08.S2(NMHC)  \\\n",
       "CO(GT)         1.000000     0.041415  0.128351 -0.031377       0.029939   \n",
       "PT08.S1(CO)    0.041415     1.000000  0.170009  0.852659       0.933101   \n",
       "NMHC(GT)       0.128351     0.170009  1.000000  0.037329       0.110097   \n",
       "C6H6(GT)      -0.031377     0.852659  0.037329  1.000000       0.767401   \n",
       "PT08.S2(NMHC)  0.029939     0.933101  0.110097  0.767401       1.000000   \n",
       "NOx(GT)        0.526450     0.278029 -0.004413 -0.001163       0.331331   \n",
       "PT08.S3(NOx)  -0.089981     0.086931  0.048832  0.512154      -0.073748   \n",
       "NO2(GT)        0.671140     0.154058  0.103345 -0.010971       0.176569   \n",
       "PT08.S4(NO2)  -0.073721     0.845133  0.162689  0.774649       0.874761   \n",
       "PT08.S5(O3)    0.080316     0.892436  0.101189  0.641306       0.909909   \n",
       "T             -0.068952     0.754806 -0.000008  0.971370       0.668984   \n",
       "RH            -0.048231     0.745344  0.008288  0.925068       0.585775   \n",
       "AH            -0.045892     0.764866  0.012500  0.984556       0.646535   \n",
       "\n",
       "                NOx(GT)  PT08.S3(NOx)   NO2(GT)  PT08.S4(NO2)  PT08.S5(O3)  \\\n",
       "CO(GT)         0.526450     -0.089981  0.671140     -0.073721     0.080316   \n",
       "PT08.S1(CO)    0.278029      0.086931  0.154058      0.845133     0.892436   \n",
       "NMHC(GT)      -0.004413      0.048832  0.103345      0.162689     0.101189   \n",
       "C6H6(GT)      -0.001163      0.512154 -0.010971      0.774649     0.641306   \n",
